3 121
199.9011
199.9935
110.0358
7.3415
5.8508
4.3601
2.9889
5.6722
8.3555
11.0388
13.7220
16.4053
19.0886
21.7719
7.3415
5.8508
4.3600
2.8693
3.9989
6.6821
9.3654
12.0487
14.7320
17.4153
20.0986
7.3415
5.8508
4.3600
2.8693
2.3256
5.0088
7.6921
10.3754
13.0587
15.7420
18.4252
7.3415
5.8508
4.3601
2.8693
1.3786
3.3355
6.0188
8.7021
11.3854
14.0686
16.7519
7.3415
5.8508
4.3601
2.8693
1.3786
1.6622
4.3455
7.0287
9.7120
12.3953
15.0786
7.3415
5.8508
4.3601
2.8693
1.3786
-0.0111
2.6721
5.3554
8.0387
10.7220
13.4053
7.3415
5.8508
4.3600
2.8693
1.3786
0.5183
1.1146
3.6821
6.3654
9.0487
11.7320
7.3415
5.8508
4.3600
2.8693
1.3786
1.0761
340282346638528859811704183484516925440.0000
2.2687
4.6921
7.3754
10.0586
7.3415
5.8508
4.3601
2.8693
1.3786
1.6339
2.2302
2.8264
3.4227
5.7020
8.3853
7.3415
5.8508
4.3601
2.8693
1.5954
2.1917
2.7879
3.3842
3.9805
4.5768
6.7120
7.3415
5.8508
4.3601
2.8693
2.1531
340282346638528859811704183484516925440.0000
3.3457
3.9420
4.5383
5.1346
340282346638528859811704183484516925440.0000
-0.0090
-0.0006
10.0033
